2.000000 16.232727
3.000000 15.751999
4.000000 15.669103
5.000000 15.717508
6.000000 15.564827
7.000000 15.468110
8.000000 15.456142
9.000000 15.548783
10.000000 15.439630
11.000000 15.526274
12.000000 15.491144
13.000000 15.467816
14.000000 15.888491
15.000000 15.210313
16.000000 15.217582
17.000000 15.212880
21.000000 16.174220
23.000000 15.829231
24.000000 15.302543
25.000000 15.231897
26.000000 15.112326
27.000000 15.263669
28.000000 15.211289
29.000000 15.173571
30.000000 15.189965
31.000000 15.295426
32.000000 15.249370
33.000000 15.184330
34.000000 15.467848
35.000000 15.177737
36.000000 15.116896
37.000000 15.106888
38.000000 15.194169
39.000000 15.112523
40.000000 15.098550
41.000000 15.263017
42.000000 15.207034
43.000000 15.139871
44.000000 15.071502
45.000000 15.095518
46.000000 15.064331
47.000000 15.135747
48.000000 15.067332
49.000000 15.164704
50.000000 15.078097
51.000000 15.056783
52.000000 15.230906
53.000000 15.115742
54.000000 15.087754
55.000000 15.101385
56.000000 15.135733
57.000000 15.150960
58.000000 15.270569
59.000000 15.096517
60.000000 15.126930
61.000000 15.205354
62.000000 15.211357
63.000000 15.178568
64.000000 15.492235
65.000000 15.236171
66.000000 15.251408
67.000000 15.147052
68.000000 15.291229
69.000000 15.110229
70.000000 15.238769
71.000000 15.127268
72.000000 15.145054
73.000000 15.083368
74.000000 15.148703
75.000000 15.260155
76.000000 15.551441
77.000000 15.231119
78.000000 15.457339
79.000000 15.057518
80.000000 15.106349
81.000000 15.032519
82.000000 15.007645
83.000000 14.961687
84.000000 15.154647
85.000000 15.185378
86.000000 16.029924
87.000000 15.220085
88.000000 15.249409
89.000000 15.110699
90.000000 15.182396
91.000000 15.125391
92.000000 16.233464
93.000000 15.187660
94.000000 15.289297
95.000000 15.260094
96.000000 15.245842
97.000000 15.098624
98.000000 15.203387
99.000000 15.082187
100.000000 15.142806
101.000000 15.272491
102.000000 15.264127
103.000000 15.228394
104.000000 15.206630
105.000000 15.262984
106.000000 15.150021
107.000000 15.411135
108.000000 15.184533
109.000000 15.092509
110.000000 15.231220
111.000000 15.204823
112.000000 15.141555
113.000000 15.005797
114.000000 15.155025
115.000000 15.004011
116.000000 15.075392
117.000000 15.144029
118.000000 15.051554
119.000000 15.165407
120.000000 15.167605
121.000000 15.161461
122.000000 15.526557
123.000000 15.062195
124.000000 15.072361
125.000000 15.142842
126.000000 15.155972
127.000000 15.126922
128.000000 15.112715
129.000000 15.134035
130.000000 15.044720
131.000000 15.086535
132.000000 15.204135
133.000000 15.293195
134.000000 15.218246
135.000000 15.297029
136.000000 15.143055
137.000000 15.139603
138.000000 15.383167
139.000000 15.078300
140.000000 15.338251
141.000000 15.134211
142.000000 15.111823
143.000000 15.116144
144.000000 15.044600
145.000000 15.184035
146.000000 15.073092
147.000000 15.097838
148.000000 15.486061
149.000000 15.050775
151.000000 15.153996
152.000000 15.108727
153.000000 15.173709
154.000000 15.012285
155.000000 15.146363
156.000000 15.436872
157.000000 15.056771
158.000000 14.993188
159.000000 15.252422
160.000000 15.077221
161.000000 15.071055
162.000000 15.056574
163.000000 14.998426
164.000000 15.060011
166.000000 15.068950
167.000000 15.052925
168.000000 14.994458
169.000000 15.069927
170.000000 15.118925
171.000000 15.073311
172.000000 14.990995
173.000000 15.013448
174.000000 15.067089
175.000000 15.268448
176.000000 15.149194
177.000000 15.042767
178.000000 15.067845
179.000000 15.059873
180.000000 15.133786
181.000000 14.959587
182.000000 14.990915
183.000000 14.968232
184.000000 14.878818
185.000000 15.028921
186.000000 14.932457
187.000000 15.386796
188.000000 14.950959
189.000000 14.959855
190.000000 15.028917
191.000000 15.038448
192.000000 15.009707
193.000000 14.990306
194.000000 15.058565
195.000000 15.161546
196.000000 15.104023
197.000000 15.349641
198.000000 15.077168
199.000000 14.947543
