0.000000 8.415342
1.000000 8.535651
2.000000 9.412212
3.000000 10.048131
4.000000 8.314984
5.000000 8.451591
6.000000 8.360942
7.000000 8.453520
8.000000 8.393326
9.000000 8.446144
10.000000 8.314404
11.000000 8.490458
12.000000 8.526457
13.000000 8.722878
14.000000 9.050463
15.000000 8.552088
16.000000 8.658727
17.000000 8.527991
18.000000 8.513745
19.000000 10.097817
20.000000 8.458894
21.000000 8.651454
22.000000 9.057989
23.000000 8.509932
24.000000 8.397155
25.000000 9.282961
26.000000 8.376342
27.000000 8.991245
28.000000 9.553221
29.000000 8.737084
30.000000 8.641040
31.000000 8.536580
32.000000 8.511016
33.000000 9.640073
34.000000 8.490494
35.000000 8.627060
36.000000 8.286485
37.000000 10.517753
38.000000 8.477865
39.000000 8.508439
40.000000 8.646322
41.000000 8.531653
42.000000 8.564260
43.000000 8.831799
44.000000 8.611004
45.000000 10.620036
46.000000 8.577416
47.000000 8.692679
48.000000 8.507965
49.000000 9.089950
50.000000 8.870464
51.000000 8.984320
52.000000 8.526728
53.000000 8.591392
54.000000 8.591374
55.000000 8.815740
56.000000 8.488297
57.000000 8.513835
58.000000 8.571267
59.000000 8.882538
60.000000 8.484687
61.000000 8.487113
62.000000 8.585659
63.000000 8.654640
64.000000 8.526340
65.000000 8.837523
66.000000 8.833710
67.000000 8.838344
68.000000 8.650262
69.000000 8.633845
70.000000 8.614810
71.000000 8.808939
72.000000 8.666039
73.000000 8.713164
74.000000 8.592272
75.000000 8.540463
76.000000 8.530414
77.000000 8.578075
78.000000 8.618237
79.000000 8.648454
80.000000 8.602085
81.000000 10.183044
82.000000 9.059312
83.000000 10.644502
84.000000 9.637048
85.000000 8.719131
86.000000 8.676171
87.000000 8.672747
88.000000 8.638553
89.000000 8.701395
90.000000 8.610683
91.000000 8.645220
92.000000 8.649513
93.000000 9.624235
94.000000 8.781191
95.000000 8.812154
96.000000 8.817115
97.000000 8.677163
98.000000 8.642789
99.000000 8.777125
100.000000 9.430851
101.000000 8.954830
102.000000 9.052210
103.000000 9.449120
104.000000 8.733928
105.000000 8.631878
106.000000 8.883290
107.000000 8.764020
108.000000 8.630534
109.000000 9.484838
110.000000 8.643301
111.000000 8.742251
112.000000 8.830127
113.000000 8.876828
114.000000 8.945821
115.000000 8.964596
116.000000 8.926673
117.000000 8.777461
118.000000 8.627334
119.000000 9.052149
120.000000 8.648567
121.000000 8.741558
122.000000 9.230080
123.000000 9.198448
124.000000 8.883888
125.000000 8.790069
126.000000 8.768245
127.000000 8.669213
128.000000 8.942280
129.000000 8.957442
130.000000 8.774110
131.000000 8.744928
132.000000 8.829681
133.000000 8.778186
134.000000 9.019631
135.000000 9.931559
136.000000 8.791624
137.000000 8.792201
138.000000 9.655068
139.000000 8.935000
140.000000 9.181578
141.000000 8.751875
142.000000 8.953973
143.000000 8.738064
144.000000 8.922689
145.000000 8.754110
146.000000 9.017893
147.000000 10.836203
148.000000 8.815616
149.000000 8.891087
150.000000 8.696785
151.000000 9.016725
152.000000 8.813342
153.000000 8.731489
154.000000 8.753458
155.000000 8.812102
156.000000 9.365036
157.000000 8.856429
158.000000 9.084117
159.000000 8.868583
160.000000 9.736350
161.000000 8.786626
162.000000 8.950776
163.000000 8.782018
164.000000 8.793717
165.000000 8.671139
166.000000 8.762929
167.000000 8.761667
168.000000 8.829253
169.000000 8.904081
170.000000 8.822016
171.000000 8.939181
172.000000 9.190581
173.000000 9.176903
174.000000 8.772236
175.000000 8.946813
176.000000 8.914590
177.000000 8.781155
178.000000 8.855450
179.000000 8.785317
180.000000 8.755948
181.000000 9.238486
182.000000 8.969630
183.000000 8.911449
184.000000 8.811274
185.000000 9.042314
186.000000 9.028189
187.000000 8.839281
188.000000 8.911304
189.000000 8.916034
190.000000 9.044373
191.000000 8.767366
192.000000 8.865597
193.000000 8.862688
194.000000 8.845320
195.000000 8.794882
196.000000 8.877089
197.000000 9.154816
198.000000 8.907131
199.000000 9.031082
200.000000 8.788627
201.000000 8.863613
202.000000 8.858685
203.000000 9.344729
204.000000 8.671911
205.000000 8.982928
206.000000 8.999071
207.000000 8.750118
208.000000 8.841679
209.000000 8.980064
210.000000 9.170426
211.000000 8.843421
212.000000 9.608504
213.000000 8.867342
214.000000 8.764858
215.000000 9.145363
216.000000 8.855603
217.000000 8.908597
218.000000 8.884846
219.000000 8.872959
220.000000 9.081328
221.000000 8.850774
222.000000 8.698237
223.000000 9.116000
224.000000 8.896503
225.000000 8.876117
226.000000 10.018032
227.000000 8.862986
228.000000 8.876851
229.000000 9.444029
230.000000 8.734409
231.000000 8.817298
232.000000 9.079612
233.000000 9.630159
234.000000 9.983106
235.000000 8.926995
236.000000 10.578921
237.000000 9.041654
238.000000 8.745681
239.000000 8.818012
240.000000 9.281810
241.000000 9.317376
242.000000 9.802592
243.000000 8.786846
244.000000 8.723786
245.000000 8.825761
246.000000 8.800794
247.000000 10.176029
248.000000 8.916655
249.000000 8.784699
250.000000 9.245799
251.000000 9.082907
252.000000 8.696152
253.000000 8.705940
254.000000 9.045686
255.000000 8.742080
256.000000 8.743661
257.000000 8.933703
258.000000 8.939675
259.000000 8.859177
260.000000 8.947742
261.000000 8.914587
262.000000 8.983154
263.000000 9.067075
264.000000 8.906783
265.000000 8.825994
266.000000 8.966264
267.000000 8.864565
268.000000 8.873458
269.000000 9.089221
270.000000 9.111413
271.000000 8.870344
272.000000 9.367390
273.000000 8.774271
274.000000 8.810913
275.000000 8.746597
276.000000 8.934839
277.000000 10.867136
278.000000 9.061278
279.000000 11.175848
280.000000 8.890736
281.000000 9.530110
282.000000 9.290200
283.000000 8.693854
284.000000 12.079408
285.000000 8.776092
286.000000 8.784012
287.000000 8.800802
288.000000 8.758306
289.000000 9.034484
290.000000 8.895261
291.000000 8.969884
292.000000 8.789303
293.000000 8.888844
294.000000 8.918114
295.000000 9.169653
296.000000 8.922001
297.000000 9.200093
298.000000 8.984275
299.000000 8.965007
300.000000 8.881687
301.000000 9.204389
302.000000 8.919603
303.000000 8.905198
304.000000 8.929912
305.000000 10.123724
306.000000 8.881456
307.000000 8.905766
308.000000 9.081325
309.000000 8.851933
310.000000 8.806460
311.000000 9.347395
312.000000 8.978216
313.000000 8.924157
314.000000 8.840296
315.000000 9.428687
316.000000 8.818784
317.000000 9.754759
318.000000 8.880599
319.000000 12.564878
320.000000 9.092955
321.000000 8.832096
322.000000 8.807589
323.000000 8.847576
324.000000 8.888124
325.000000 9.009877
326.000000 8.773847
327.000000 8.870761
328.000000 9.224856
329.000000 8.974864
330.000000 8.928983
331.000000 8.920447
332.000000 8.794879
333.000000 8.842488
334.000000 9.297027
335.000000 8.811349
336.000000 11.218775
337.000000 8.793895
338.000000 8.790524
339.000000 8.790942
340.000000 8.819390
341.000000 10.294060
342.000000 8.996176
343.000000 8.720873
344.000000 9.415524
345.000000 8.894454
346.000000 8.979427
347.000000 8.905295
348.000000 8.907968
349.000000 8.870248
350.000000 8.934157
351.000000 8.874199
352.000000 8.821868
353.000000 9.830669
354.000000 9.032987
355.000000 8.784748
356.000000 8.726530
357.000000 8.744615
358.000000 8.810427
359.000000 8.915513
360.000000 9.231451
361.000000 8.916608
362.000000 8.983380
363.000000 8.956475
364.000000 8.898183
365.000000 9.159913
366.000000 9.060534
367.000000 9.124364
368.000000 8.820747
369.000000 8.930487
370.000000 8.958812
371.000000 8.715981
372.000000 8.828707
373.000000 10.511282
374.000000 8.741016
375.000000 8.843097
376.000000 8.872252
377.000000 8.766621
378.000000 8.969054
379.000000 8.901450
380.000000 8.870259
381.000000 9.042968
382.000000 8.771474
383.000000 9.015496
384.000000 8.968495
385.000000 9.008602
386.000000 8.822051
387.000000 8.874919
388.000000 9.092265
389.000000 9.088670
390.000000 8.893935
391.000000 9.084137
392.000000 9.026544
393.000000 8.715206
394.000000 8.938699
395.000000 9.140585
396.000000 8.880613
397.000000 8.887145
398.000000 8.881245
399.000000 9.144304
400.000000 9.224177
401.000000 8.905265
402.000000 8.759607
403.000000 8.808273
404.000000 9.061385
405.000000 9.020177
406.000000 8.944065
407.000000 8.910774
408.000000 8.882110
409.000000 8.928537
410.000000 8.959326
411.000000 8.894435
412.000000 9.079544
413.000000 9.077112
414.000000 8.772103
415.000000 9.999149
416.000000 9.453831
417.000000 8.885581
418.000000 8.881211
419.000000 8.768727
420.000000 8.950855
421.000000 9.120689
422.000000 10.194494
423.000000 8.860116
424.000000 8.951283
425.000000 8.808809
426.000000 10.032796
427.000000 8.864495
428.000000 8.827935
429.000000 9.694928
430.000000 8.718278
431.000000 8.897956
432.000000 8.878280
433.000000 8.613881
434.000000 9.210193
435.000000 8.836307
436.000000 8.915137
437.000000 8.673692
438.000000 8.859547
439.000000 9.026379
440.000000 10.892011
441.000000 8.827325
442.000000 8.778942
443.000000 8.799826
444.000000 8.882517
445.000000 8.850669
446.000000 8.796123
447.000000 8.964086
448.000000 8.853036
449.000000 9.220114
450.000000 8.960237
451.000000 8.974794
452.000000 9.016910
453.000000 9.028019
454.000000 8.698795
455.000000 8.865755
456.000000 9.091087
457.000000 8.886332
458.000000 8.878853
459.000000 8.952979
460.000000 9.721110
461.000000 8.882858
462.000000 8.924893
463.000000 8.939322
464.000000 8.981406
465.000000 8.919650
466.000000 9.042584
467.000000 8.915442
468.000000 8.828146
469.000000 8.791828
470.000000 8.809445
471.000000 9.070999
472.000000 9.164146
473.000000 9.020246
474.000000 8.834924
475.000000 10.242946
476.000000 8.900801
477.000000 9.191951
478.000000 8.877126
479.000000 8.770738
480.000000 8.971460
481.000000 9.095212
482.000000 8.857394
483.000000 8.998110
484.000000 8.946687
485.000000 8.916489
486.000000 8.862580
487.000000 8.758665
488.000000 8.873950
489.000000 8.926826
490.000000 8.753450
491.000000 8.903087
492.000000 8.778855
493.000000 8.861665
494.000000 8.889910
495.000000 8.695828
496.000000 8.704626
497.000000 9.791826
498.000000 8.856106
499.000000 8.909888
500.000000 8.850173
501.000000 8.870709
502.000000 8.867934
503.000000 8.818712
504.000000 9.769026
505.000000 9.486698
506.000000 9.285516
507.000000 9.280201
508.000000 8.887003
509.000000 8.817332
510.000000 8.886093
511.000000 10.039013
512.000000 9.225670
513.000000 8.875020
514.000000 9.193687
515.000000 8.799571
516.000000 10.101975
517.000000 9.054614
518.000000 21.607093
519.000000 8.912611
520.000000 8.700158
521.000000 8.875593
522.000000 8.915684
523.000000 9.514614
524.000000 8.855271
525.000000 8.861426
526.000000 8.941187
527.000000 8.707155
528.000000 9.000892
529.000000 9.906185
530.000000 10.941491
531.000000 8.871410
532.000000 9.686146
533.000000 9.082738
534.000000 8.716564
535.000000 8.825600
536.000000 8.836594
537.000000 10.104279
538.000000 8.879635
539.000000 8.806534
540.000000 8.980729
541.000000 8.860880
542.000000 8.973878
543.000000 9.619998
544.000000 8.936095
545.000000 8.797405
546.000000 8.868393
547.000000 8.976380
548.000000 8.835073
549.000000 9.031268
550.000000 8.850955
551.000000 8.831224
552.000000 8.979057
553.000000 8.988269
554.000000 8.885912
555.000000 8.918151
556.000000 8.766104
557.000000 8.788599
558.000000 8.830802
559.000000 9.108587
560.000000 9.748415
561.000000 9.122054
562.000000 8.719169
563.000000 8.805421
564.000000 9.158306
565.000000 8.886019
566.000000 8.996702
567.000000 8.693751
568.000000 8.746123
569.000000 9.316353
570.000000 9.192642
571.000000 8.846344
572.000000 8.915622
573.000000 8.966647
574.000000 8.702034
575.000000 8.922458
576.000000 8.940144
577.000000 9.046568
578.000000 11.753301
579.000000 8.685333
580.000000 9.112156
581.000000 9.274227
582.000000 8.858422
583.000000 8.843503
584.000000 9.482597
585.000000 9.010084
586.000000 8.838386
587.000000 9.033383
588.000000 8.716808
589.000000 8.873273
590.000000 8.730039
591.000000 9.714375
592.000000 8.966966
593.000000 8.975690
594.000000 8.785299
595.000000 9.156081
596.000000 8.902105
597.000000 8.871962
598.000000 9.926321
599.000000 8.933479
600.000000 8.799858
601.000000 9.126698
602.000000 8.811878
603.000000 8.934862
604.000000 9.030269
605.000000 8.895368
606.000000 9.260145
607.000000 9.052280
608.000000 8.909724
609.000000 8.918485
610.000000 8.918865
611.000000 8.931728
612.000000 8.836433
613.000000 8.910482
614.000000 8.850662
615.000000 8.886798
616.000000 9.118482
617.000000 8.777957
618.000000 9.061332
619.000000 8.914405
620.000000 8.971727
621.000000 8.882052
622.000000 8.933553
623.000000 9.344440
624.000000 8.919763
625.000000 8.977343
626.000000 8.903311
627.000000 8.837730
628.000000 21.553716
629.000000 8.662780
630.000000 8.747599
631.000000 8.923907
632.000000 8.963488
633.000000 8.869348
634.000000 8.845942
635.000000 9.344907
636.000000 8.790119
637.000000 8.993705
638.000000 9.864298
639.000000 9.118679
640.000000 9.068618
641.000000 9.711928
642.000000 9.154064
643.000000 8.737505
644.000000 8.801963
645.000000 10.203784
646.000000 8.750328
647.000000 8.888550
648.000000 8.864291
649.000000 8.889486
650.000000 8.836693
651.000000 8.941780
652.000000 9.052097
653.000000 9.099585
654.000000 8.698030
655.000000 8.967911
656.000000 8.950620
657.000000 8.893031
658.000000 9.382188
659.000000 9.295654
660.000000 8.825413
661.000000 9.385316
662.000000 9.124061
663.000000 8.702291
664.000000 8.848824
665.000000 9.078862
666.000000 8.804510
667.000000 8.730777
668.000000 9.782254
669.000000 8.927171
670.000000 8.958284
671.000000 8.936626
672.000000 8.837513
673.000000 9.127399
674.000000 8.919472
675.000000 10.242068
676.000000 8.936087
677.000000 11.055730
678.000000 8.771371
679.000000 8.991658
680.000000 8.934108
681.000000 8.902696
682.000000 10.040712
683.000000 8.771073
684.000000 8.701108
685.000000 9.021268
686.000000 8.844009
687.000000 8.983327
688.000000 9.133927
689.000000 9.130379
690.000000 8.972992
691.000000 9.228335
692.000000 8.926759
693.000000 9.269351
694.000000 12.062162
695.000000 8.788397
696.000000 8.874958
697.000000 8.862393
698.000000 9.146333
699.000000 8.902807
700.000000 8.845302
701.000000 9.742705
702.000000 8.818667
703.000000 9.062837
704.000000 8.936063
705.000000 8.977052
706.000000 8.885415
707.000000 8.848018
708.000000 8.749332
709.000000 9.307427
710.000000 9.112991
711.000000 8.861451
712.000000 8.967021
713.000000 9.015898
714.000000 9.013986
715.000000 8.885754
716.000000 8.917128
717.000000 9.022571
718.000000 8.846160
719.000000 9.218062
720.000000 8.988620
721.000000 9.430210
722.000000 8.815402
723.000000 8.991240
724.000000 8.881525
725.000000 9.018223
726.000000 9.719833
727.000000 8.990325
728.000000 8.909821
729.000000 9.763605
730.000000 8.932935
731.000000 9.011136
732.000000 10.376549
733.000000 8.685877
734.000000 8.996677
735.000000 8.809443
736.000000 9.064235
737.000000 8.968651
738.000000 8.934742
739.000000 9.657712
740.000000 9.404580
741.000000 9.100683
742.000000 8.895281
743.000000 8.857886
744.000000 8.899017
745.000000 8.848085
746.000000 8.976480
747.000000 8.949671
748.000000 8.810157
749.000000 8.803486
750.000000 8.962628
751.000000 8.767521
752.000000 9.032319
753.000000 9.170751
754.000000 8.848398
755.000000 9.098544
756.000000 8.873212
757.000000 8.932011
758.000000 8.934409
759.000000 9.210630
760.000000 8.982584
761.000000 9.441961
762.000000 9.046011
763.000000 8.851856
764.000000 9.035759
765.000000 9.184156
766.000000 9.093931
767.000000 8.959880
768.000000 9.037260
769.000000 9.059347
770.000000 8.847071
771.000000 9.061466
772.000000 8.868330
773.000000 9.058605
774.000000 9.481654
775.000000 8.945691
776.000000 9.990748
777.000000 9.091911
778.000000 9.418295
779.000000 8.927635
780.000000 8.965149
781.000000 8.807485
782.000000 8.951198
783.000000 8.802313
784.000000 8.891915
785.000000 9.246395
786.000000 9.352976
787.000000 8.936403
788.000000 8.917788
789.000000 8.901068
790.000000 9.043949
791.000000 8.986218
792.000000 8.967417
793.000000 8.982803
794.000000 8.956425
795.000000 8.945845
796.000000 8.957327
797.000000 8.937128
798.000000 9.052001
799.000000 9.010998
800.000000 9.161141
801.000000 9.388537
802.000000 9.156417
803.000000 9.080559
804.000000 8.989364
805.000000 9.123968
806.000000 9.045786
807.000000 9.647648
808.000000 8.900992
809.000000 9.053116
810.000000 9.001831
811.000000 9.047228
812.000000 9.513965
813.000000 9.317400
814.000000 9.146585
815.000000 9.206069
816.000000 9.012264
817.000000 8.921468
818.000000 8.805820
819.000000 8.870751
820.000000 9.371076
821.000000 8.906741
822.000000 8.718147
823.000000 8.913292
824.000000 9.064265
825.000000 8.926053
826.000000 8.841945
827.000000 8.878581
828.000000 8.770529
829.000000 8.761408
830.000000 9.019670
831.000000 8.970482
832.000000 8.895103
833.000000 8.836671
834.000000 9.186659
835.000000 8.875691
836.000000 8.800607
837.000000 10.743011
838.000000 8.841941
839.000000 9.028609
840.000000 8.874040
841.000000 8.854764
842.000000 8.867733
843.000000 9.547071
844.000000 8.970409
845.000000 10.346230
846.000000 8.884319
847.000000 8.931699
848.000000 9.101168
849.000000 8.984676
850.000000 8.948110
851.000000 9.190271
852.000000 9.564149
853.000000 8.788280
854.000000 8.919019
855.000000 8.996710
856.000000 8.821420
857.000000 8.894017
858.000000 8.818275
859.000000 8.939782
860.000000 8.886318
861.000000 8.808606
862.000000 8.827989
863.000000 11.224713
864.000000 8.865969
865.000000 8.977317
866.000000 8.840194
867.000000 9.012103
868.000000 8.784542
869.000000 8.829199
870.000000 8.990589
871.000000 9.002745
872.000000 8.897632
873.000000 8.776694
874.000000 13.398848
875.000000 8.833982
876.000000 8.840893
877.000000 8.665484
878.000000 9.121907
879.000000 9.628302
880.000000 8.848083
881.000000 9.244261
882.000000 8.872444
883.000000 8.880324
884.000000 8.815847
885.000000 8.918090
886.000000 8.760075
887.000000 8.877041
888.000000 8.968055
889.000000 8.988154
890.000000 8.848323
891.000000 8.817732
892.000000 9.025970
893.000000 8.785542
894.000000 8.721193
895.000000 9.239776
896.000000 9.096711
897.000000 8.954922
898.000000 9.077940
899.000000 8.824023
900.000000 9.551414
901.000000 9.035412
902.000000 8.844292
903.000000 9.255881
904.000000 8.893747
905.000000 8.913217
906.000000 8.982894
907.000000 9.161317
908.000000 8.900348
909.000000 9.199327
910.000000 8.797912
911.000000 9.212739
912.000000 9.056057
913.000000 9.406096
914.000000 8.747722
915.000000 8.991868
916.000000 9.164862
917.000000 8.794668
918.000000 8.917996
919.000000 8.830870
920.000000 8.853953
921.000000 8.943690
922.000000 9.174985
923.000000 8.823518
924.000000 9.436596
925.000000 8.817485
926.000000 8.942325
927.000000 8.827574
928.000000 9.233816
929.000000 9.907383
930.000000 8.932409
931.000000 9.022775
932.000000 9.116812
933.000000 9.041347
934.000000 8.984013
935.000000 8.878679
936.000000 8.871045
937.000000 8.842779
938.000000 8.981453
939.000000 9.977005
940.000000 8.984647
941.000000 9.044130
942.000000 8.927234
943.000000 8.857260
944.000000 10.177019
945.000000 11.018484
946.000000 8.821211
947.000000 8.875743
948.000000 9.643157
949.000000 8.850307
950.000000 8.782767
951.000000 10.166841
952.000000 8.810814
953.000000 9.134760
954.000000 8.787102
955.000000 9.007908
956.000000 8.831466
957.000000 8.899371
958.000000 8.754099
959.000000 9.012017
960.000000 8.850069
961.000000 8.939448
962.000000 8.981355
963.000000 8.841089
964.000000 8.864252
965.000000 9.576067
966.000000 8.866266
967.000000 9.379159
968.000000 9.188660
969.000000 8.890521
970.000000 9.569676
971.000000 8.885225
972.000000 9.149352
973.000000 8.865242
974.000000 8.814468
975.000000 8.989051
976.000000 8.831369
977.000000 9.049220
978.000000 9.227266
979.000000 9.283711
980.000000 8.891044
981.000000 8.984761
982.000000 10.032295
983.000000 9.608268
984.000000 9.833513
985.000000 9.956240
986.000000 9.214571
987.000000 8.797558
988.000000 9.072794
989.000000 8.861710
990.000000 8.922774
991.000000 9.028325
992.000000 8.910246
993.000000 9.243695
994.000000 8.964515
995.000000 8.803551
996.000000 8.891174
997.000000 8.952678
998.000000 9.130633
999.000000 10.928330
