0.000000 4.053715
1.000000 3.978933
2.000000 3.986342
3.000000 3.951649
4.000000 3.752002
5.000000 3.925791
6.000000 3.904343
7.000000 3.858905
8.000000 3.951485
9.000000 3.910772
10.000000 3.970983
11.000000 3.894115
12.000000 3.833888
13.000000 4.054711
14.000000 4.041118
15.000000 4.018551
16.000000 4.037896
17.000000 3.974940
18.000000 3.949527
19.000000 3.991524
20.000000 4.157630
21.000000 4.010491
22.000000 4.011230
23.000000 3.822084
24.000000 3.998197
25.000000 4.067760
26.000000 4.048070
27.000000 4.089915
28.000000 3.977354
29.000000 3.944740
30.000000 4.056576
31.000000 4.035766
32.000000 3.878410
33.000000 4.048282
34.000000 3.962093
35.000000 4.084240
36.000000 4.059497
37.000000 5.514699
38.000000 6.803436
39.000000 3.959982
40.000000 4.070141
41.000000 4.125510
42.000000 4.042965
43.000000 4.215394
44.000000 3.935243
45.000000 3.922101
46.000000 4.145316
47.000000 4.126044
48.000000 4.246696
49.000000 4.028076
50.000000 4.393498
51.000000 4.108068
52.000000 4.067025
53.000000 4.097752
54.000000 4.056303
55.000000 4.171372
56.000000 4.068572
57.000000 3.871941
58.000000 4.122186
59.000000 4.137884
60.000000 4.047786
61.000000 4.045554
62.000000 4.120406
63.000000 4.205954
64.000000 4.164201
65.000000 4.151855
66.000000 4.073561
67.000000 4.121744
68.000000 4.265443
69.000000 4.164181
70.000000 4.060453
71.000000 4.202440
72.000000 4.155525
73.000000 3.973976
74.000000 4.076421
75.000000 4.046565
76.000000 4.221829
77.000000 3.971783
78.000000 4.088811
79.000000 4.090802
80.000000 4.059706
81.000000 3.990257
82.000000 4.117461
83.000000 3.992014
84.000000 4.214231
85.000000 4.150875
86.000000 4.142563
87.000000 3.993474
88.000000 4.037146
89.000000 4.153792
90.000000 4.194001
91.000000 4.123351
92.000000 4.219434
93.000000 3.933590
94.000000 3.955338
95.000000 4.120396
96.000000 4.104454
97.000000 4.079014
98.000000 4.076987
99.000000 4.166091
100.000000 4.112113
101.000000 4.155240
102.000000 4.036465
103.000000 4.187142
104.000000 3.953736
105.000000 4.163980
106.000000 4.197686
107.000000 4.237610
108.000000 3.986234
109.000000 4.190895
110.000000 4.120098
111.000000 4.111225
112.000000 4.066204
113.000000 4.150829
114.000000 4.120336
115.000000 4.161659
116.000000 4.142000
117.000000 4.056437
118.000000 3.974092
119.000000 4.074431
120.000000 4.212545
121.000000 4.184685
122.000000 4.013257
123.000000 4.070251
124.000000 4.102056
125.000000 3.949239
126.000000 4.146691
127.000000 4.201900
128.000000 4.193081
129.000000 4.018969
130.000000 4.076956
131.000000 5.670950
132.000000 4.059127
133.000000 4.122961
134.000000 4.057240
135.000000 4.052317
136.000000 4.100306
137.000000 4.031034
138.000000 4.032262
139.000000 4.012572
140.000000 4.145885
141.000000 3.961177
142.000000 4.244994
143.000000 4.132999
144.000000 4.139263
145.000000 4.037766
146.000000 3.996217
147.000000 4.044916
148.000000 4.047909
149.000000 4.161991
150.000000 4.031450
151.000000 4.170690
152.000000 4.614553
153.000000 4.057009
154.000000 4.205889
155.000000 4.017976
156.000000 4.190297
157.000000 4.187635
158.000000 4.062883
159.000000 4.167489
160.000000 3.946656
161.000000 4.118756
162.000000 4.149898
163.000000 4.121851
164.000000 4.111889
165.000000 4.119291
166.000000 4.168217
167.000000 4.187331
168.000000 4.105354
169.000000 4.113766
170.000000 4.207244
171.000000 4.001810
172.000000 4.099495
173.000000 4.180704
174.000000 4.046794
175.000000 4.029069
176.000000 4.211591
177.000000 4.248379
178.000000 4.164156
179.000000 3.982070
180.000000 4.060504
181.000000 4.165651
182.000000 4.185024
183.000000 4.132065
184.000000 4.109328
185.000000 4.181366
186.000000 4.103394
187.000000 4.142221
188.000000 4.129578
189.000000 4.152796
190.000000 4.132042
191.000000 4.156206
192.000000 4.105141
193.000000 4.072338
194.000000 4.177198
195.000000 4.207631
196.000000 4.028370
197.000000 4.152913
198.000000 3.942877
199.000000 4.101742
200.000000 3.991767
201.000000 3.941316
202.000000 4.007990
203.000000 4.143978
204.000000 4.152138
205.000000 4.039182
206.000000 4.183349
207.000000 4.154416
208.000000 4.229918
209.000000 4.059279
210.000000 3.969448
211.000000 4.098147
212.000000 4.195002
213.000000 3.986086
214.000000 4.150587
215.000000 4.098892
216.000000 4.039368
217.000000 4.112064
218.000000 4.126154
219.000000 4.097613
220.000000 3.987067
221.000000 4.112021
222.000000 4.115678
223.000000 4.124431
224.000000 3.973878
225.000000 4.156246
226.000000 4.127725
227.000000 4.165832
228.000000 4.275573
229.000000 4.152852
230.000000 4.090549
231.000000 4.143829
232.000000 3.914779
233.000000 4.164397
234.000000 4.110134
235.000000 4.224414
236.000000 4.186372
237.000000 4.264866
238.000000 4.272801
239.000000 5.514420
240.000000 4.195933
241.000000 3.923166
242.000000 4.132261
243.000000 4.277618
244.000000 4.203817
245.000000 4.125460
246.000000 4.197295
247.000000 3.947550
248.000000 4.113899
249.000000 4.184556
250.000000 4.166034
251.000000 4.224477
252.000000 4.157830
253.000000 4.194157
254.000000 4.260975
255.000000 4.092369
256.000000 4.127240
257.000000 3.994727
258.000000 3.974701
259.000000 4.233807
260.000000 4.143363
261.000000 4.003679
262.000000 4.146765
263.000000 4.048612
264.000000 4.027212
265.000000 4.092921
266.000000 4.171185
267.000000 4.231076
268.000000 4.173239
269.000000 4.050904
270.000000 4.174449
271.000000 4.149500
272.000000 4.113073
273.000000 4.280296
274.000000 4.328854
275.000000 4.154316
276.000000 4.135958
277.000000 4.098786
278.000000 3.976077
279.000000 4.134198
280.000000 4.183113
281.000000 4.145270
282.000000 4.166378
283.000000 4.132125
284.000000 4.190225
285.000000 4.019548
286.000000 4.268315
287.000000 4.474491
288.000000 4.165025
289.000000 4.063247
290.000000 4.210273
291.000000 3.961780
292.000000 4.185324
293.000000 4.071413
294.000000 4.176384
295.000000 4.242889
296.000000 4.163702
297.000000 4.235645
298.000000 4.186375
299.000000 4.280346
300.000000 4.205765
301.000000 4.214839
302.000000 4.235930
303.000000 4.181113
304.000000 4.277215
305.000000 4.155321
306.000000 4.236726
307.000000 4.139650
308.000000 4.173850
309.000000 3.984835
310.000000 4.198578
311.000000 4.194065
312.000000 4.227756
313.000000 4.047566
314.000000 4.218875
315.000000 4.110731
316.000000 4.018250
317.000000 4.105040
318.000000 4.004656
319.000000 4.063964
320.000000 4.235264
321.000000 4.133190
322.000000 4.206471
323.000000 5.915949
324.000000 4.155309
325.000000 4.139064
326.000000 4.203370
327.000000 4.244418
328.000000 4.205586
329.000000 4.157915
330.000000 4.170311
331.000000 4.279537
332.000000 4.154476
333.000000 4.195081
334.000000 4.196625
335.000000 4.160086
336.000000 4.204766
337.000000 4.218383
338.000000 4.065077
339.000000 4.150791
340.000000 4.236837
341.000000 4.151235
342.000000 4.114104
343.000000 4.153445
344.000000 3.956011
345.000000 4.181603
346.000000 4.045897
347.000000 4.231092
348.000000 4.129795
349.000000 4.196825
350.000000 4.196008
351.000000 4.195485
352.000000 4.203915
353.000000 3.953091
354.000000 4.093083
355.000000 4.261556
356.000000 4.026495
357.000000 4.174429
358.000000 4.244140
359.000000 4.143173
360.000000 4.212234
361.000000 4.294111
362.000000 3.992871
363.000000 4.163782
364.000000 3.966329
365.000000 4.199991
366.000000 4.140161
367.000000 4.261277
368.000000 4.187060
369.000000 4.039051
370.000000 4.132317
371.000000 4.060812
372.000000 4.184687
373.000000 4.010756
374.000000 4.517864
375.000000 4.182173
376.000000 4.093172
377.000000 4.098606
378.000000 4.186949
379.000000 4.366057
380.000000 4.195412
381.000000 4.195860
382.000000 4.108030
383.000000 4.166815
384.000000 4.084177
385.000000 4.165176
386.000000 4.182287
387.000000 4.054650
388.000000 4.203132
389.000000 4.288186
390.000000 4.127198
391.000000 4.214665
392.000000 4.164200
393.000000 4.125376
394.000000 4.195251
395.000000 4.049117
396.000000 4.067808
397.000000 4.111323
398.000000 4.057200
399.000000 4.142575
400.000000 4.304199
401.000000 4.205672
402.000000 4.258725
403.000000 4.163883
404.000000 4.040625
405.000000 4.121382
406.000000 4.149842
407.000000 4.206343
408.000000 3.993338
409.000000 3.954237
410.000000 4.183592
411.000000 4.196165
412.000000 3.995660
413.000000 4.130325
414.000000 4.199898
415.000000 4.161426
416.000000 4.044943
417.000000 4.101464
418.000000 4.077577
419.000000 4.174422
420.000000 4.222924
421.000000 4.182880
422.000000 4.188440
423.000000 4.034610
424.000000 4.233621
425.000000 4.088025
426.000000 6.240310
427.000000 4.241891
428.000000 4.068170
429.000000 4.091966
430.000000 4.203164
431.000000 4.231961
432.000000 3.990037
433.000000 4.087539
434.000000 4.031347
435.000000 4.190876
436.000000 3.966853
437.000000 4.172157
438.000000 4.087793
439.000000 4.101638
440.000000 4.058061
441.000000 4.075428
442.000000 4.141581
443.000000 3.981976
444.000000 4.198754
445.000000 4.184314
446.000000 4.091836
447.000000 4.223831
448.000000 4.192219
449.000000 4.088275
450.000000 4.109811
451.000000 4.157743
452.000000 4.195389
453.000000 4.154737
454.000000 4.184127
455.000000 4.120369
456.000000 4.143814
457.000000 4.150639
458.000000 4.109856
459.000000 4.218854
460.000000 4.079966
461.000000 4.088917
462.000000 3.948534
463.000000 4.174830
464.000000 3.944085
465.000000 4.184299
466.000000 4.240898
467.000000 4.216373
468.000000 4.311208
469.000000 4.074975
470.000000 4.037338
471.000000 4.198874
472.000000 4.237771
473.000000 4.216268
474.000000 4.092983
475.000000 4.151365
476.000000 4.241274
477.000000 4.145452
478.000000 4.219486
479.000000 4.184601
480.000000 4.144353
481.000000 4.229624
482.000000 4.140604
483.000000 4.178307
484.000000 4.235441
485.000000 4.114244
486.000000 4.123398
487.000000 4.111378
488.000000 4.174533
489.000000 3.990665
490.000000 4.069366
491.000000 4.183226
492.000000 4.144188
493.000000 3.950466
494.000000 4.134685
495.000000 4.059598
496.000000 4.068409
497.000000 4.238015
498.000000 4.254701
499.000000 4.278634
500.000000 4.115169
501.000000 4.121766
502.000000 4.213282
503.000000 4.237209
504.000000 4.258379
505.000000 4.149194
506.000000 4.036150
507.000000 4.039554
508.000000 4.271441
509.000000 4.064150
510.000000 4.267373
511.000000 4.048127
512.000000 4.171639
513.000000 4.226970
514.000000 4.229004
515.000000 4.134847
516.000000 4.144670
517.000000 4.141009
518.000000 4.196879
519.000000 4.256451
520.000000 4.203313
521.000000 4.198589
522.000000 4.049721
523.000000 4.291611
524.000000 4.165905
525.000000 4.015123
526.000000 3.964981
527.000000 4.546804
528.000000 3.980410
529.000000 4.079606
530.000000 3.988238
531.000000 4.045859
532.000000 4.196209
533.000000 4.196898
534.000000 4.165546
535.000000 4.094409
536.000000 4.220913
537.000000 4.269588
538.000000 4.186437
539.000000 4.145023
540.000000 4.328449
541.000000 4.314836
542.000000 4.392648
543.000000 4.215097
544.000000 4.182068
545.000000 4.228889
546.000000 4.017163
547.000000 4.181684
548.000000 4.156972
549.000000 4.176834
550.000000 4.120227
551.000000 4.131683
552.000000 4.116004
553.000000 4.191236
554.000000 4.190736
555.000000 4.238456
556.000000 4.096064
557.000000 4.221796
558.000000 4.264521
559.000000 4.103498
560.000000 4.271297
561.000000 4.369219
562.000000 4.249483
563.000000 4.068004
564.000000 3.978242
565.000000 4.092270
566.000000 4.002577
567.000000 4.192147
568.000000 4.220516
569.000000 4.267732
570.000000 4.007787
571.000000 4.162980
572.000000 4.202982
573.000000 4.306871
574.000000 4.185145
575.000000 4.143877
576.000000 4.103699
577.000000 4.124342
578.000000 4.266566
579.000000 4.103387
580.000000 4.091350
581.000000 4.250608
582.000000 4.152776
583.000000 4.031487
584.000000 4.198078
585.000000 4.241750
586.000000 4.224808
587.000000 4.177297
588.000000 5.705083
589.000000 4.172028
590.000000 4.328059
591.000000 4.122735
592.000000 4.110768
593.000000 4.226698
594.000000 4.071496
595.000000 4.230841
596.000000 4.134306
597.000000 4.050696
598.000000 4.263185
599.000000 5.085867
600.000000 4.107482
601.000000 4.030402
602.000000 4.214521
603.000000 4.223140
604.000000 4.111189
605.000000 4.099278
606.000000 4.087234
607.000000 4.278675
608.000000 4.290652
609.000000 4.197577
610.000000 4.143489
611.000000 4.020133
612.000000 4.402020
613.000000 4.215173
614.000000 4.074384
615.000000 4.287770
616.000000 3.979798
617.000000 4.221974
618.000000 4.205517
619.000000 4.128439
620.000000 4.256598
621.000000 4.101571
622.000000 3.994587
623.000000 4.327963
624.000000 4.233735
625.000000 4.056529
626.000000 4.236579
627.000000 4.122532
628.000000 4.208516
629.000000 4.184335
630.000000 4.062737
631.000000 4.014140
632.000000 4.279068
633.000000 4.232383
634.000000 4.194217
635.000000 4.193316
636.000000 4.159450
637.000000 4.293193
638.000000 4.195460
639.000000 4.118176
640.000000 4.044951
641.000000 4.057138
642.000000 4.223861
643.000000 4.289287
644.000000 4.222441
645.000000 4.288853
646.000000 4.015338
647.000000 4.163424
648.000000 4.279379
649.000000 4.174222
650.000000 4.240303
651.000000 4.209291
652.000000 3.974172
653.000000 4.182193
654.000000 4.110487
655.000000 4.162861
656.000000 4.164433
657.000000 4.144955
658.000000 4.210372
659.000000 4.055205
660.000000 4.154153
661.000000 4.255759
662.000000 4.214263
663.000000 4.083001
664.000000 4.016201
665.000000 4.172827
666.000000 4.191636
667.000000 4.216954
668.000000 4.184834
669.000000 4.133250
670.000000 4.171189
671.000000 4.227710
672.000000 4.189616
673.000000 4.665747
674.000000 4.272254
675.000000 4.204381
676.000000 3.996746
677.000000 4.054971
678.000000 4.159199
679.000000 4.215976
680.000000 4.121089
681.000000 4.047525
682.000000 4.184022
683.000000 4.252053
684.000000 4.112979
685.000000 4.006449
686.000000 4.245953
687.000000 4.026107
688.000000 4.156841
689.000000 4.212136
690.000000 4.063461
691.000000 4.227235
692.000000 4.165985
693.000000 4.341040
694.000000 4.202935
695.000000 4.047248
696.000000 4.214599
697.000000 4.039325
698.000000 4.130232
699.000000 4.145668
700.000000 4.017447
701.000000 4.138798
702.000000 4.242290
703.000000 4.281449
704.000000 4.165456
705.000000 4.055766
706.000000 4.068109
707.000000 4.201331
708.000000 4.124963
709.000000 4.066292
710.000000 4.039371
711.000000 4.110816
712.000000 4.085816
713.000000 4.203457
714.000000 4.245150
715.000000 4.260810
716.000000 4.239684
717.000000 4.130813
718.000000 4.198941
719.000000 4.234597
720.000000 4.414087
721.000000 4.163515
722.000000 4.171874
723.000000 4.217948
724.000000 4.027307
725.000000 4.040680
726.000000 4.061951
727.000000 4.218674
728.000000 4.066063
729.000000 4.243759
730.000000 4.264735
731.000000 4.219041
732.000000 4.137715
733.000000 3.974707
734.000000 4.141087
735.000000 4.164667
736.000000 4.237780
737.000000 4.265526
738.000000 4.194098
739.000000 4.006775
740.000000 4.101991
741.000000 4.253159
742.000000 4.099289
743.000000 4.263220
744.000000 4.017535
745.000000 4.217015
746.000000 4.080015
747.000000 4.017252
748.000000 4.122028
749.000000 4.212225
750.000000 4.038810
751.000000 4.252131
752.000000 4.059046
753.000000 4.154884
754.000000 4.267686
755.000000 4.224568
756.000000 4.061854
757.000000 3.997226
758.000000 4.199691
759.000000 4.061395
760.000000 3.988507
761.000000 4.173114
762.000000 4.226074
763.000000 4.184494
764.000000 4.087962
765.000000 4.244932
766.000000 4.310836
767.000000 4.223372
768.000000 4.158267
769.000000 4.090651
770.000000 4.148412
771.000000 3.979945
772.000000 4.191065
773.000000 4.265816
774.000000 4.248651
775.000000 4.323838
776.000000 4.218744
777.000000 4.221746
778.000000 4.233900
779.000000 4.343096
780.000000 4.165193
781.000000 4.192241
782.000000 4.122282
783.000000 3.999033
784.000000 4.134797
785.000000 4.411059
786.000000 4.234901
787.000000 4.017753
788.000000 4.240777
789.000000 4.259058
790.000000 4.182925
791.000000 4.799408
792.000000 4.079528
793.000000 4.258168
794.000000 4.256407
795.000000 4.126045
796.000000 4.079080
797.000000 4.141436
798.000000 4.204843
799.000000 4.265937
800.000000 4.072924
801.000000 3.983420
802.000000 4.069761
803.000000 4.229602
804.000000 4.166623
805.000000 4.270258
806.000000 4.189083
807.000000 4.101285
808.000000 4.215677
809.000000 4.217488
810.000000 4.206271
811.000000 4.218410
812.000000 4.184444
813.000000 4.123766
814.000000 4.210478
815.000000 4.155359
816.000000 4.163315
817.000000 4.193464
818.000000 4.286157
819.000000 4.231509
820.000000 5.873864
821.000000 4.205214
822.000000 4.321676
823.000000 4.209647
824.000000 5.294596
825.000000 3.985358
826.000000 4.099592
827.000000 4.039951
828.000000 4.058094
829.000000 4.061851
830.000000 4.157093
831.000000 4.055823
832.000000 4.257275
833.000000 4.096434
834.000000 4.220392
835.000000 3.990987
836.000000 4.271868
837.000000 4.141297
838.000000 4.146658
839.000000 4.244821
840.000000 4.244738
841.000000 4.135920
842.000000 3.984315
843.000000 4.162093
844.000000 4.206869
845.000000 4.113431
846.000000 4.209000
847.000000 4.171599
848.000000 4.024474
849.000000 4.198650
850.000000 4.360849
851.000000 4.103293
852.000000 4.242648
853.000000 4.232096
854.000000 4.263727
855.000000 4.261713
856.000000 4.181341
857.000000 4.174518
858.000000 4.303573
859.000000 4.249354
860.000000 4.152330
861.000000 4.249181
862.000000 4.173841
863.000000 4.056944
864.000000 4.227648
865.000000 4.286849
866.000000 4.183733
867.000000 4.144667
868.000000 4.133425
869.000000 4.206290
870.000000 3.995450
871.000000 4.214027
872.000000 4.281760
873.000000 4.079417
874.000000 4.259286
875.000000 4.203381
876.000000 4.252416
877.000000 4.258254
878.000000 4.212075
879.000000 4.299618
880.000000 4.161795
881.000000 4.163227
882.000000 4.160313
883.000000 4.271073
884.000000 4.253145
885.000000 4.332759
886.000000 4.322002
887.000000 4.179108
888.000000 4.126999
889.000000 4.229838
890.000000 4.133260
891.000000 4.201969
892.000000 4.087124
893.000000 4.134060
894.000000 4.075878
895.000000 4.195369
896.000000 3.944195
897.000000 4.196768
898.000000 4.263570
899.000000 4.026703
900.000000 4.173453
901.000000 4.093731
902.000000 4.186015
903.000000 4.115777
904.000000 4.292536
905.000000 4.268809
906.000000 4.317766
907.000000 4.210083
908.000000 4.185184
909.000000 4.052492
910.000000 4.233529
911.000000 4.298164
912.000000 4.072235
913.000000 4.550360
914.000000 3.991365
915.000000 4.257365
916.000000 4.235186
917.000000 4.179766
918.000000 4.142779
919.000000 3.983853
920.000000 4.285832
921.000000 4.015403
922.000000 4.258109
923.000000 4.088001
924.000000 4.269835
925.000000 4.159718
926.000000 4.132388
927.000000 4.208798
928.000000 4.059228
929.000000 4.061083
930.000000 4.167018
931.000000 4.207948
932.000000 4.550972
933.000000 4.039950
934.000000 4.099705
935.000000 4.162182
936.000000 4.511284
937.000000 4.239846
938.000000 4.279920
939.000000 3.974792
940.000000 3.922714
941.000000 4.120869
942.000000 4.185492
943.000000 4.199443
944.000000 4.113244
945.000000 4.166109
946.000000 4.237696
947.000000 4.239381
948.000000 7.025110
949.000000 3.965230
950.000000 4.136600
951.000000 4.247432
952.000000 4.270205
953.000000 4.190298
954.000000 4.198677
955.000000 5.130274
956.000000 4.214063
957.000000 4.197224
958.000000 3.996643
959.000000 4.362427
960.000000 4.128255
961.000000 4.271174
962.000000 4.062012
963.000000 4.167370
964.000000 4.118494
965.000000 4.256106
966.000000 4.243860
967.000000 4.196690
968.000000 4.165433
969.000000 4.244362
970.000000 4.218215
971.000000 4.177553
972.000000 4.174854
973.000000 4.287264
974.000000 4.134364
975.000000 4.069778
976.000000 4.036993
977.000000 4.113621
978.000000 4.185480
979.000000 4.321764
980.000000 4.227300
981.000000 3.989100
982.000000 4.194279
983.000000 4.222009
984.000000 4.122207
985.000000 4.049815
986.000000 4.195565
987.000000 4.165045
988.000000 3.955578
989.000000 4.089028
990.000000 4.269372
991.000000 4.318126
992.000000 4.174056
993.000000 4.251760
994.000000 4.294827
995.000000 4.238638
996.000000 4.190650
997.000000 4.049671
998.000000 4.154961
999.000000 4.265480
