0.000000 38.570399
1.000000 38.727356
2.000000 38.351767
3.000000 38.379916
4.000000 38.413536
5.000000 38.581963
6.000000 38.630922
7.000000 38.392092
8.000000 41.642542
9.000000 38.967819
10.000000 38.563879
11.000000 38.446738
12.000000 38.434933
13.000000 38.457810
14.000000 38.557279
15.000000 38.824509
16.000000 38.859567
17.000000 38.584642
18.000000 38.409844
19.000000 38.633222
20.000000 38.374081
21.000000 38.641305
22.000000 38.509493
23.000000 38.466046
24.000000 38.388194
25.000000 38.655950
26.000000 38.987956
27.000000 38.360153
28.000000 39.190849
29.000000 39.042678
30.000000 38.476290
31.000000 38.716355
32.000000 38.587665
33.000000 39.061026
34.000000 39.228126
35.000000 38.670711
36.000000 38.455489
37.000000 38.722776
38.000000 38.334559
39.000000 38.404391
40.000000 38.571508
41.000000 38.593431
42.000000 38.797907
43.000000 38.464197
44.000000 39.366226
45.000000 38.835930
46.000000 38.498441
47.000000 38.835188
48.000000 38.449687
49.000000 38.493477
50.000000 38.967414
51.000000 38.396546
52.000000 38.650875
53.000000 38.962294
54.000000 38.527008
55.000000 38.561849
56.000000 38.446121
57.000000 38.456431
58.000000 38.969260
59.000000 38.600299
60.000000 38.749431
61.000000 38.468345
62.000000 38.615277
63.000000 38.499763
64.000000 38.525517
65.000000 38.473193
66.000000 42.952077
67.000000 38.923896
68.000000 38.604209
69.000000 38.562268
70.000000 38.131598
71.000000 38.649038
72.000000 39.451600
73.000000 38.433360
74.000000 38.481858
75.000000 38.397580
76.000000 38.577115
77.000000 42.155656
78.000000 38.684923
79.000000 39.109636
80.000000 39.505490
81.000000 38.838144
82.000000 38.571699
83.000000 38.576957
84.000000 39.673198
85.000000 38.488644
86.000000 39.573522
87.000000 38.740542
88.000000 38.386401
89.000000 38.663827
90.000000 38.787326
91.000000 38.636747
92.000000 38.647107
93.000000 38.558769
94.000000 38.610245
95.000000 38.538011
96.000000 39.043837
97.000000 38.397847
98.000000 38.420246
99.000000 39.214069
100.000000 38.645886
101.000000 38.571991
102.000000 38.711956
103.000000 38.572802
104.000000 38.513144
105.000000 38.843863
106.000000 38.958403
107.000000 38.378242
108.000000 38.684639
109.000000 38.503414
110.000000 38.663030
111.000000 38.633412
112.000000 38.458477
113.000000 38.878393
114.000000 38.218554
115.000000 38.486455
116.000000 38.482018
117.000000 38.543927
118.000000 38.557165
119.000000 39.233577
120.000000 39.062501
121.000000 39.121977
122.000000 38.894804
123.000000 38.543085
124.000000 38.703459
125.000000 38.372705
126.000000 38.443424
127.000000 38.488730
128.000000 38.613677
129.000000 38.466757
130.000000 38.765504
131.000000 38.550995
132.000000 38.483599
133.000000 38.550598
134.000000 38.397508
135.000000 38.543646
136.000000 38.503358
137.000000 38.555733
138.000000 38.378120
139.000000 38.736563
140.000000 38.963731
141.000000 38.490675
142.000000 38.560217
143.000000 38.440867
144.000000 38.425429
145.000000 38.344375
146.000000 38.606858
147.000000 38.867877
148.000000 38.596533
149.000000 39.031779
150.000000 38.869353
151.000000 38.995981
152.000000 38.385172
153.000000 38.396126
154.000000 39.742416
155.000000 39.184368
156.000000 38.611958
157.000000 38.444521
158.000000 38.749960
159.000000 38.646423
160.000000 38.450191
161.000000 38.655931
162.000000 38.530215
163.000000 38.644399
164.000000 38.540612
165.000000 39.193777
166.000000 38.931606
167.000000 39.516280
168.000000 38.382228
169.000000 41.739381
170.000000 38.749875
171.000000 38.416414
172.000000 38.525789
173.000000 38.582040
174.000000 38.469291
175.000000 38.818893
176.000000 38.644169
177.000000 38.627679
178.000000 39.419613
179.000000 38.439222
180.000000 38.508581
181.000000 38.444839
182.000000 38.442203
183.000000 38.569682
184.000000 38.432433
185.000000 38.446018
186.000000 40.990528
187.000000 38.847489
188.000000 38.913482
189.000000 38.868008
190.000000 38.526522
191.000000 38.434541
192.000000 38.733723
193.000000 38.715730
194.000000 38.466977
195.000000 38.451998
196.000000 38.570749
197.000000 38.962897
198.000000 38.471484
199.000000 38.654422
200.000000 38.544053
201.000000 38.822862
202.000000 38.630584
203.000000 38.850002
204.000000 38.447281
205.000000 39.064125
206.000000 38.592783
207.000000 41.092585
208.000000 38.923933
209.000000 39.113078
210.000000 39.009182
211.000000 38.477699
212.000000 38.326335
213.000000 38.635474
214.000000 39.642456
215.000000 38.507310
216.000000 38.418033
217.000000 38.538035
218.000000 38.291734
220.000000 38.650782
221.000000 38.515106
222.000000 38.597151
223.000000 38.897485
224.000000 38.562605
225.000000 39.105780
226.000000 39.129763
227.000000 38.775553
228.000000 38.586249
229.000000 38.539051
230.000000 38.500608
231.000000 39.244431
232.000000 38.611539
233.000000 38.616736
234.000000 38.846122
235.000000 38.478772
236.000000 38.839258
237.000000 38.776542
238.000000 38.469563
239.000000 38.824598
240.000000 38.339224
241.000000 38.435992
242.000000 38.621618
243.000000 38.484084
244.000000 38.788505
245.000000 38.429564
246.000000 38.498700
247.000000 38.387791
248.000000 38.956688
249.000000 42.392343
250.000000 38.556926
251.000000 39.264362
252.000000 38.971732
253.000000 38.440207
254.000000 38.744925
255.000000 38.720741
256.000000 38.586001
257.000000 38.439859
258.000000 38.491364
259.000000 38.988307
260.000000 38.521539
261.000000 38.790972
262.000000 38.569912
263.000000 38.363142
264.000000 39.657122
265.000000 38.930877
266.000000 38.801463
267.000000 38.595460
268.000000 38.577591
269.000000 38.459896
270.000000 38.604904
271.000000 38.425826
272.000000 38.688407
273.000000 38.479520
274.000000 38.924497
275.000000 38.571442
276.000000 38.772688
277.000000 38.382610
278.000000 40.017516
279.000000 38.412069
280.000000 38.514694
281.000000 38.678175
282.000000 38.600527
283.000000 38.424253
284.000000 38.589452
285.000000 38.360975
286.000000 38.481994
287.000000 38.544351
288.000000 40.531411
289.000000 38.669653
290.000000 38.505283
291.000000 38.543037
292.000000 38.630168
293.000000 38.462028
294.000000 38.458395
295.000000 38.442663
296.000000 38.487630
297.000000 38.823385
298.000000 38.857731
299.000000 38.513735
300.000000 38.600368
301.000000 39.625122
302.000000 38.501519
303.000000 38.768838
304.000000 38.763426
305.000000 39.852712
306.000000 38.415256
307.000000 38.570654
308.000000 38.546358
309.000000 38.798363
310.000000 42.223517
311.000000 39.414036
312.000000 38.611873
313.000000 39.036139
314.000000 38.545466
315.000000 38.687265
316.000000 38.513846
317.000000 38.481582
318.000000 38.876491
319.000000 38.462603
320.000000 38.323022
321.000000 38.431565
322.000000 38.525275
323.000000 38.542171
324.000000 38.659521
325.000000 38.872787
326.000000 38.585411
327.000000 38.486435
328.000000 38.571906
329.000000 38.518513
330.000000 38.448891
332.000000 38.431965
333.000000 40.435330
334.000000 38.680484
335.000000 38.419959
336.000000 38.528090
337.000000 38.494138
338.000000 38.636210
339.000000 38.549079
340.000000 38.276803
341.000000 38.745523
342.000000 38.387289
343.000000 38.311134
344.000000 38.609910
345.000000 38.549333
346.000000 38.969830
348.000000 38.406965
349.000000 38.759321
350.000000 38.580293
351.000000 38.510921
352.000000 38.543889
353.000000 39.329893
354.000000 39.174536
355.000000 38.522339
356.000000 38.861747
357.000000 38.454450
358.000000 38.347628
359.000000 38.515707
360.000000 38.363264
361.000000 38.612388
362.000000 38.453762
363.000000 38.371432
364.000000 38.481605
365.000000 38.923430
366.000000 38.439088
367.000000 38.423424
368.000000 38.958303
369.000000 38.438757
370.000000 38.414800
371.000000 38.626098
372.000000 38.664008
373.000000 38.491967
374.000000 39.334775
375.000000 39.875438
376.000000 38.852010
377.000000 39.924949
378.000000 38.540771
379.000000 39.126069
380.000000 39.168363
381.000000 38.695803
382.000000 38.771311
383.000000 38.685392
384.000000 38.537565
385.000000 38.508077
386.000000 38.622822
387.000000 38.850006
388.000000 38.646753
389.000000 38.764446
390.000000 39.135794
391.000000 38.486024
392.000000 38.713147
393.000000 38.499375
394.000000 38.847040
395.000000 38.449041
396.000000 38.482335
397.000000 38.520817
398.000000 38.611772
399.000000 38.393577
400.000000 38.570915
401.000000 38.567611
402.000000 38.759469
403.000000 38.835062
404.000000 40.806966
405.000000 38.557851
406.000000 38.430017
407.000000 38.540416
408.000000 38.953946
409.000000 38.743264
410.000000 39.597077
411.000000 38.340829
412.000000 38.491555
413.000000 39.024539
414.000000 38.992658
415.000000 38.600593
416.000000 38.387522
417.000000 39.520332
418.000000 38.511908
419.000000 38.371705
420.000000 38.546058
421.000000 38.521893
422.000000 38.539083
423.000000 38.814073
424.000000 38.406001
425.000000 38.617152
426.000000 38.767031
427.000000 38.657394
428.000000 38.784808
429.000000 38.483196
430.000000 38.928071
431.000000 38.396232
432.000000 38.644640
433.000000 40.679148
434.000000 38.358286
435.000000 38.516163
436.000000 38.513055
437.000000 39.126464
438.000000 38.413939
439.000000 38.453374
440.000000 38.575357
441.000000 38.433053
442.000000 38.654601
443.000000 38.519588
444.000000 38.661350
445.000000 38.579816
446.000000 38.716366
447.000000 38.833156
448.000000 39.056512
449.000000 38.574421
450.000000 38.570058
451.000000 38.547895
452.000000 38.689978
453.000000 38.883847
454.000000 38.927339
455.000000 38.609226
456.000000 38.811354
457.000000 38.412012
458.000000 39.161531
459.000000 38.492472
460.000000 38.405814
461.000000 38.558820
462.000000 38.570526
463.000000 38.473490
464.000000 38.353565
465.000000 38.606661
466.000000 39.008025
467.000000 38.601899
468.000000 38.861256
469.000000 38.681802
470.000000 38.593589
471.000000 39.165257
472.000000 38.736621
473.000000 38.854876
474.000000 38.741420
475.000000 38.547409
476.000000 38.758069
477.000000 38.440521
478.000000 39.321299
479.000000 38.802666
480.000000 38.505873
481.000000 38.370830
482.000000 38.384002
483.000000 39.197837
484.000000 38.493511
485.000000 39.009333
486.000000 38.396950
487.000000 38.549856
488.000000 39.057948
489.000000 38.627305
490.000000 38.476432
491.000000 39.003529
492.000000 38.883098
493.000000 38.594947
494.000000 38.819007
495.000000 38.490710
496.000000 38.697155
497.000000 43.449356
498.000000 39.276132
499.000000 38.514359
500.000000 38.556929
501.000000 38.553539
502.000000 38.477752
503.000000 38.890523
504.000000 38.645791
505.000000 38.397972
506.000000 39.382967
507.000000 38.468503
508.000000 38.567677
509.000000 38.770593
510.000000 38.365783
511.000000 38.537045
512.000000 38.463370
513.000000 38.357416
514.000000 38.513447
515.000000 38.503655
516.000000 39.920548
517.000000 38.907393
518.000000 38.470304
519.000000 38.369021
520.000000 38.656547
521.000000 38.615804
522.000000 38.476627
523.000000 38.588459
524.000000 38.387579
525.000000 38.665643
526.000000 38.568225
527.000000 38.391848
528.000000 38.431252
529.000000 39.418617
530.000000 38.521306
531.000000 38.516182
533.000000 38.723944
534.000000 38.477022
535.000000 38.480997
536.000000 38.382089
537.000000 38.509260
538.000000 38.529930
539.000000 39.056879
540.000000 41.336650
541.000000 38.423022
542.000000 38.687279
543.000000 38.754482
544.000000 38.636103
545.000000 38.530278
546.000000 38.484676
547.000000 38.303346
548.000000 38.601070
549.000000 38.607322
550.000000 38.425369
551.000000 38.709373
552.000000 38.487226
553.000000 38.638769
554.000000 38.671541
555.000000 38.858384
556.000000 38.641822
557.000000 38.390564
558.000000 38.461375
559.000000 38.809117
560.000000 39.278089
561.000000 40.714745
562.000000 38.439548
563.000000 39.115212
564.000000 38.454738
565.000000 38.592683
566.000000 38.540860
567.000000 38.839026
568.000000 38.856914
569.000000 38.598718
570.000000 38.494657
571.000000 38.474167
572.000000 38.556866
573.000000 38.727440
574.000000 39.276001
575.000000 38.395385
576.000000 38.456889
577.000000 38.947054
578.000000 38.334851
579.000000 41.001270
580.000000 39.062982
581.000000 38.569184
582.000000 38.839400
583.000000 45.044935
584.000000 38.536590
585.000000 38.695561
586.000000 38.611049
587.000000 39.025970
588.000000 39.066840
589.000000 38.558989
590.000000 38.884729
591.000000 38.393335
592.000000 38.419852
593.000000 38.372454
594.000000 39.257067
595.000000 38.622425
596.000000 39.667796
597.000000 38.790160
598.000000 38.602278
600.000000 39.524527
601.000000 39.063261
602.000000 38.269169
603.000000 38.748848
604.000000 38.773669
605.000000 38.368922
606.000000 38.788434
607.000000 43.522537
608.000000 39.107485
609.000000 38.651566
610.000000 39.322947
611.000000 38.562910
612.000000 38.387419
613.000000 38.667868
614.000000 40.200979
615.000000 38.402991
616.000000 38.727559
617.000000 38.426088
618.000000 38.474735
619.000000 38.364393
620.000000 38.886090
621.000000 38.862792
622.000000 39.055036
623.000000 39.023804
624.000000 38.286050
625.000000 38.757071
626.000000 38.600592
627.000000 38.722022
628.000000 38.548472
629.000000 38.467895
630.000000 39.596087
631.000000 38.322699
632.000000 38.466337
633.000000 38.566759
634.000000 38.445968
635.000000 38.537250
636.000000 38.272324
637.000000 38.364967
638.000000 38.569704
639.000000 39.458814
640.000000 39.104252
641.000000 38.666204
642.000000 38.457288
643.000000 38.464634
644.000000 39.016256
645.000000 38.714933
646.000000 38.632111
647.000000 38.630650
648.000000 38.344669
649.000000 38.319274
650.000000 38.394439
651.000000 38.516978
652.000000 39.165003
653.000000 38.597414
654.000000 38.583395
655.000000 38.440863
656.000000 38.639063
657.000000 38.531183
658.000000 38.471220
659.000000 38.392245
660.000000 38.408545
661.000000 38.303334
662.000000 38.554794
663.000000 39.378640
664.000000 38.999483
665.000000 38.386750
666.000000 38.659222
667.000000 38.565953
668.000000 38.503825
669.000000 38.658849
670.000000 38.726812
671.000000 38.398662
672.000000 38.904398
673.000000 38.385676
674.000000 38.837629
675.000000 40.506141
676.000000 39.043970
677.000000 38.433280
678.000000 38.633984
679.000000 38.668841
680.000000 38.497337
682.000000 42.377663
683.000000 38.443073
684.000000 38.643670
685.000000 38.315392
686.000000 38.872427
687.000000 38.846384
688.000000 38.351182
689.000000 38.366745
690.000000 38.643715
691.000000 38.675327
692.000000 39.077808
693.000000 39.322188
694.000000 38.707004
695.000000 38.536500
696.000000 38.528983
697.000000 38.335198
698.000000 38.701422
699.000000 38.412212
700.000000 38.588955
701.000000 38.867698
702.000000 38.897347
703.000000 39.064049
704.000000 38.538617
705.000000 38.379826
706.000000 38.431268
707.000000 38.595641
708.000000 38.432989
709.000000 38.457379
710.000000 38.999465
711.000000 38.844626
712.000000 38.553107
713.000000 38.294651
714.000000 38.571340
715.000000 38.370666
716.000000 38.428133
717.000000 38.727053
718.000000 38.563158
719.000000 38.813935
720.000000 38.339165
721.000000 38.426355
722.000000 38.604285
723.000000 38.524507
724.000000 38.488393
725.000000 38.476509
726.000000 38.400151
727.000000 38.523855
728.000000 38.311114
729.000000 38.642365
730.000000 38.454531
731.000000 38.643072
732.000000 38.457889
733.000000 38.603657
734.000000 38.480863
735.000000 38.607492
736.000000 39.043949
737.000000 38.491098
738.000000 39.057879
739.000000 38.401378
740.000000 38.941252
741.000000 38.431704
742.000000 38.767732
743.000000 38.324859
744.000000 38.394316
745.000000 38.485445
746.000000 38.903933
747.000000 39.320258
748.000000 38.273945
749.000000 38.875527
750.000000 39.375031
751.000000 38.661015
752.000000 38.543562
753.000000 38.371947
754.000000 38.836375
755.000000 39.069237
756.000000 38.712573
757.000000 39.254492
758.000000 38.513095
759.000000 38.427190
760.000000 38.720630
761.000000 39.574131
762.000000 38.748938
763.000000 38.398990
764.000000 38.427598
765.000000 43.171076
766.000000 44.305813
767.000000 39.005246
768.000000 38.400562
769.000000 38.558211
770.000000 38.592035
771.000000 38.383213
772.000000 38.454245
773.000000 38.576267
774.000000 38.424752
775.000000 38.412987
776.000000 38.467239
777.000000 38.867378
778.000000 38.556451
779.000000 38.937281
780.000000 38.428756
781.000000 38.456839
782.000000 38.413316
783.000000 38.459299
784.000000 38.687438
785.000000 38.534529
786.000000 38.372320
787.000000 38.565145
788.000000 39.335871
789.000000 38.684108
790.000000 39.267981
791.000000 38.338748
792.000000 38.480108
793.000000 38.387208
794.000000 38.827722
795.000000 38.494906
796.000000 38.437488
797.000000 38.509567
798.000000 38.636469
799.000000 38.842982
800.000000 38.475896
801.000000 39.273268
802.000000 38.655552
803.000000 38.515805
804.000000 38.548146
805.000000 38.903474
806.000000 38.394038
807.000000 38.502480
808.000000 39.427922
809.000000 38.763777
810.000000 38.936043
811.000000 38.852615
812.000000 38.568994
813.000000 38.447107
814.000000 39.795032
815.000000 38.770829
816.000000 40.486651
817.000000 38.473068
818.000000 38.451999
819.000000 38.721792
820.000000 38.445400
821.000000 38.451939
822.000000 38.435856
823.000000 38.597271
824.000000 38.739999
825.000000 38.505033
826.000000 38.364624
827.000000 38.396830
828.000000 38.772494
829.000000 38.393636
830.000000 39.942280
831.000000 38.477741
832.000000 38.410666
833.000000 38.434702
834.000000 38.535325
835.000000 38.560768
836.000000 38.490443
837.000000 38.684694
838.000000 38.529160
839.000000 38.320101
840.000000 39.021456
841.000000 38.407394
842.000000 38.802666
843.000000 38.612540
844.000000 38.484792
845.000000 38.535289
846.000000 43.061348
847.000000 39.111224
848.000000 38.659568
849.000000 39.073014
850.000000 38.452148
851.000000 38.470096
852.000000 38.968036
853.000000 38.421525
854.000000 39.150692
855.000000 38.457227
856.000000 38.606952
857.000000 38.818199
858.000000 38.633784
859.000000 38.451902
860.000000 38.526402
861.000000 38.473123
862.000000 38.443544
863.000000 38.670010
864.000000 39.011649
865.000000 38.384863
866.000000 38.543005
867.000000 38.297384
868.000000 43.048156
869.000000 38.585147
870.000000 38.528784
871.000000 38.329984
872.000000 38.961112
873.000000 38.364100
874.000000 38.825567
875.000000 38.621039
876.000000 38.415588
877.000000 38.831588
878.000000 38.581504
879.000000 38.518885
880.000000 38.579099
881.000000 38.516565
882.000000 38.699573
883.000000 38.935924
884.000000 38.746162
885.000000 38.440545
886.000000 38.635638
887.000000 38.605077
888.000000 38.444263
889.000000 38.703129
890.000000 38.396357
891.000000 38.468547
892.000000 38.641165
893.000000 38.563728
894.000000 38.557061
895.000000 38.525959
896.000000 38.513491
897.000000 38.505380
898.000000 38.639490
899.000000 38.686321
900.000000 38.415872
901.000000 38.472310
902.000000 39.472437
903.000000 38.934667
904.000000 38.581742
905.000000 38.454589
906.000000 38.592862
907.000000 43.461819
908.000000 38.531895
909.000000 38.464476
910.000000 38.677490
911.000000 38.616125
912.000000 38.617891
913.000000 38.694763
914.000000 38.477848
915.000000 39.177413
916.000000 38.853781
917.000000 38.494051
918.000000 38.746078
919.000000 40.493660
920.000000 38.551097
921.000000 38.611107
922.000000 38.467495
923.000000 38.995840
924.000000 38.544603
925.000000 38.874611
926.000000 38.703274
927.000000 38.443659
928.000000 38.643057
929.000000 38.526505
930.000000 38.449649
931.000000 38.375597
932.000000 38.478482
933.000000 38.473584
934.000000 38.724934
935.000000 38.509067
936.000000 39.168549
937.000000 38.508631
938.000000 38.961141
939.000000 38.583811
940.000000 38.507049
941.000000 38.489519
942.000000 38.464098
943.000000 38.448022
944.000000 38.526324
945.000000 39.584700
946.000000 39.001630
947.000000 38.526281
948.000000 38.713594
949.000000 38.467619
950.000000 38.575526
951.000000 38.486425
952.000000 38.754165
953.000000 42.393709
954.000000 38.684693
955.000000 39.153876
956.000000 38.912221
957.000000 38.349281
958.000000 39.767914
959.000000 39.217545
960.000000 39.192610
961.000000 38.695287
962.000000 38.527278
963.000000 38.610542
964.000000 38.614386
965.000000 39.119714
966.000000 38.712031
967.000000 38.901311
968.000000 40.154131
969.000000 38.590755
970.000000 38.608119
971.000000 38.568112
972.000000 39.059613
973.000000 38.564096
974.000000 38.858968
975.000000 38.561838
976.000000 39.185861
977.000000 38.638807
978.000000 38.676944
979.000000 38.577163
980.000000 38.458937
981.000000 39.381214
982.000000 39.048697
983.000000 38.483599
984.000000 38.649466
985.000000 38.754288
986.000000 39.587384
987.000000 38.545403
988.000000 39.071046
989.000000 38.356809
990.000000 38.626562
991.000000 38.435336
992.000000 38.461054
993.000000 39.264667
994.000000 38.552338
995.000000 38.640683
996.000000 38.513138
997.000000 38.776017
998.000000 38.531197
999.000000 38.905529
