0.000000 15.574957
1.000000 15.561766
2.000000 15.561801
3.000000 15.442580
4.000000 16.066780
5.000000 15.625653
6.000000 15.626167
7.000000 15.378587
8.000000 15.650345
9.000000 15.535939
10.000000 15.564266
11.000000 15.372269
12.000000 15.359450
13.000000 15.569997
14.000000 15.426079
15.000000 15.506652
16.000000 15.796877
17.000000 15.909543
18.000000 15.895635
19.000000 15.387815
20.000000 15.415159
21.000000 15.402649
22.000000 15.366756
23.000000 15.595429
24.000000 15.531716
25.000000 15.576027
26.000000 15.437013
27.000000 15.435500
28.000000 15.484291
29.000000 15.606653
30.000000 15.549243
31.000000 15.423028
32.000000 15.437125
33.000000 15.441460
34.000000 15.677491
35.000000 15.546223
36.000000 15.583408
37.000000 15.772645
38.000000 15.458623
39.000000 15.346583
40.000000 16.135175
41.000000 15.508811
42.000000 15.580799
43.000000 15.944583
44.000000 15.456046
45.000000 15.556710
46.000000 15.638555
47.000000 15.495894
48.000000 15.282833
49.000000 15.460928
50.000000 15.412907
51.000000 15.569022
52.000000 15.566540
53.000000 15.441926
54.000000 15.395435
55.000000 15.581422
56.000000 15.583364
57.000000 15.298488
58.000000 15.601528
59.000000 15.522326
60.000000 15.462701
61.000000 15.573620
62.000000 15.574615
63.000000 15.373983
64.000000 15.424866
65.000000 15.649830
66.000000 15.645936
67.000000 15.513587
68.000000 15.516714
69.000000 15.528053
70.000000 15.592173
71.000000 15.520313
72.000000 15.466252
73.000000 15.404392
74.000000 15.351311
75.000000 15.497125
76.000000 15.430931
77.000000 15.512155
78.000000 15.312014
79.000000 15.406044
80.000000 15.397336
81.000000 15.835827
82.000000 15.521057
83.000000 15.275270
84.000000 15.554677
85.000000 15.458555
86.000000 15.472692
87.000000 15.823490
88.000000 15.375407
89.000000 15.397522
90.000000 15.349422
91.000000 15.404675
92.000000 15.276360
93.000000 15.347548
94.000000 15.536068
95.000000 15.555936
96.000000 15.366394
97.000000 15.542009
98.000000 15.556319
99.000000 15.422985
100.000000 15.453233
101.000000 15.374014
102.000000 15.322361
103.000000 15.248517
104.000000 15.641742
105.000000 15.422646
106.000000 15.352583
107.000000 15.371588
108.000000 15.437900
109.000000 15.786700
110.000000 15.536395
111.000000 15.278401
112.000000 15.490718
113.000000 15.433998
114.000000 15.588958
115.000000 15.449227
116.000000 15.440073
117.000000 15.498214
118.000000 15.211142
119.000000 15.429297
120.000000 15.389549
121.000000 15.407967
122.000000 15.250887
123.000000 15.571433
124.000000 15.360070
125.000000 15.441099
126.000000 15.476019
127.000000 15.390526
128.000000 15.376781
129.000000 15.540827
130.000000 15.210946
131.000000 15.500908
132.000000 15.407815
133.000000 15.974504
134.000000 15.335778
135.000000 15.332262
136.000000 15.924551
137.000000 15.240518
138.000000 15.500473
139.000000 15.297496
140.000000 15.308967
141.000000 15.339380
142.000000 15.547197
143.000000 15.377946
144.000000 15.471844
145.000000 15.545131
146.000000 15.393087
147.000000 15.578205
148.000000 15.802685
149.000000 15.374431
150.000000 15.441097
151.000000 15.458801
152.000000 15.500840
153.000000 15.553846
154.000000 15.459302
155.000000 15.395193
156.000000 15.328813
157.000000 15.303606
158.000000 15.379385
159.000000 15.219120
160.000000 15.647459
161.000000 15.514422
162.000000 15.477492
163.000000 15.277511
164.000000 16.014642
165.000000 15.655903
166.000000 15.463758
167.000000 15.368078
168.000000 15.472343
169.000000 15.398454
170.000000 15.791438
171.000000 15.342366
172.000000 15.252147
173.000000 15.415583
174.000000 16.294832
175.000000 15.410327
176.000000 15.369400
177.000000 16.235453
178.000000 15.334350
179.000000 15.493156
180.000000 15.392780
181.000000 15.863962
182.000000 15.383900
183.000000 15.778876
184.000000 15.410190
185.000000 15.362790
186.000000 15.667393
187.000000 15.275989
188.000000 15.371902
189.000000 15.204169
190.000000 15.330367
191.000000 15.386566
192.000000 15.604058
193.000000 15.391954
194.000000 15.218398
195.000000 15.457571
196.000000 15.338439
197.000000 15.534323
198.000000 15.620125
199.000000 15.587494
